189 40 153 41 153 106 188 106 
191 40 210 40 209 75 191 75 
212 40 233 40 232 75 213 75 
217 76 228 76 227 89 217 88 
233 89 211 90 211 103 232 103
268 38 281 38 280 69 268 69 
288 88 305 88 304 135 288 135 
322 45 340 45 338 77 322 77 
341 35 355 35 354 77 341 77 
370 37 379 37 378 74 370 75
387 55 421 55 420 71 387 71 
63 154 102 154 101 193 63 193 
65 197 102 197 101 224 65 224 
128 120 157 120 156 170 128 170 
165 120 193 120 192 170 165 170 
237 143 261 143 260 239 237 239 
299 255 274 260 275 349 298 350 
237 253 261 253 261 349 237 349 
328 196 344 196 343 239 328 239 
350 200 393 200 393 233 350 233 
328 266 344 266 343 309 328 309 
353 256 392 256 391 301 353 301 
194 280 216 280 215 309 194 309 
129 309 216 309 215 340 129 340 
44 314 106 314 104 360 44 359 
61 369 36 370 36 383 60 382 
35 389 62 389 64 407 36 408
92 369 76 370 84 468 98 467 
134 398 99 401 101 417 136 415 
177 374 156 376 163 441 184 439 
203 373 186 374 193 447 211 445 
211 375 217 375 221 442 214 442 
224 371 240 371 241 435 224 435 
273 365 309 365 308 406 273 407
270 421 289 421 288 440 270 440 
291 421 308 421 307 433 291 433 
249 365 268 365 267 389 249 389 
325 320 342 320 342 413 325 413 
400 291 412 291 412 311 400 311 
354 321 374 321 373 368 354 368 
354 373 374 373 374 416 354 416 
385 373 403 373 403 415 385 415 
386 331 403 331 402 368 386 368 
408 337 425 337 424 349 408 349 
408 354 424 354 423 365 408 365 
427 351 437 351 436 365 427 365 
51 66 64 66 64 134 51 134 
71 68 81 68 81 133 71 133 
85 54 97 54 97 117 85 117 
98 67 123 67 123 72 98 72 
103 46 116 46 116 67 104 67 
110 72 124 72 123 105 110 105 
129 64 148 64 148 98 129 97 
298 143 274 143 274 233 279 239 297 239
247 389 247 435 267 435 268 427 261 428 262 407 267 407 268 389  
251 76 241 86 241 102 251 112 267 113 277 103 277 86 267 76 
326 161 364 161 364 119 360 119 360 106 319 106 319 120 326 119 
372 84 373 118 383 117 384 85 
390 85 390 171 423 171 423 95 409 95 409 168 403 168 403 84 
423 168 423 203 428 203 428 209 432 209 432 215 445 215 446 205 455 205 455 166 445 166 445 156 432 156 432 162 428 162 428 168 
432 276 432 282 429 282 428 288 424 288 424 322 429 323 428 330 433 329 433 335 445 335 445 325 457 326 457 286 446 286 446 276 
138 196 158 215 140 235 121 219 121 211 
133 259 133 300 137 305 151 305 155 301 156 270 146 259 
180 258 167 270 167 301 171 305 185 306 190 301 189 263 185 258 
67 262 65 265 54 265 47 274 50 294 56 301 68 301 68 310 81 309 93 306 101 297 101 288 98 288 98 277 91 271 82 269 79 268 79 262 
100 401 103 417 136 415 135 398 
411 370 411 382 420 382 420 384 431 384 432 388 443 378 443 370 
169 207 164 212 164 221 168 225 171 223 177 228 174 230 178 235 190 234 193 231 190 227 195 223 198 225 203 221 203 211 198 207 195 210 190 205 193 201 188 197 178 197 174 201 177 204 172 209 
