313 35 313 41 317 35 317 41
317 41 341 41 317 45 341 45 
313 29 417 30 317 35 414 35
417 30 463 94 414 35 459 94
459 94 459 96 463 94 463 102
434 77 459 96 434 81 459 102
317 77 434 77 317 81 434 81
313 41 313 77 317 45 317 77
292 71 292 77 297 71 297 77
286 77 292 77 286 81 297 81
297 77 313 77 297 81 313 81
313 81 313 139 317 81 317 143
537 72 503 235 567 24 522 235 
503 258 540 391 524 261 557 387
463 235 503 235 463 258 503 258
459 102 459 242 463 102 463 235
313 365 313 408 317 365 317 413
313 413 323 426 317 413 323 420
323 420 345 420 323 426 345 426
350 420 409 420 345 426 413 426
413 426 413 402 409 398 409 420
409 398 441 396 413 402 441 401 
447 395 540 391 441 401 543 398
463 378 447 395 459 378 441 396
313 251 313 311 317 251 317 311
313 311 313 360 317 315 317 365
317 311 345 311 317 315 345 315
345 311 395 311 350 315 398 315
345 315 345 420 350 315 350 420
313 143 313 176 317 143 317 176
313 176 313 251 317 180 317 242
317 180 395 180 317 176 398 176
459 251 459 378 463 258 463 378
317 242 395 242 317 251 395 251
398 242 459 242 398 251 459 251
395 180 395 242 398 176 398 242          
395 251 395 311 398 251 398 315
234 38 189 38 234 33 189 33
189 38 190 38 189 33 189 29
190 38 71 41 189 29 66 35
35 66 41 50 42 67 50 56
41 50 66 35 50 56 67 44
44 67 51 67 51 72 43 72
43 72 43 105 35 66 36 105
43 105 43 135 36 109 36 130
36 130 25 131 25 135 43 135
36 109 25 109 24 106 36 105
67 44 67 133 71 41 71 133
314 29 234 33 314 34 240 37
240 37 240 116 234 38 234 110
240 128 274 128 234 132 272 132
272 132 276 143 274 128 278 139
278 139 313 139 276 143 313 143
234 115 234 132 240 116 240 128
234 116 222 116 234 110 217 110
217 116 117 117 217 110 114 113
113 143 114 113 117 143 117 117
113 148 113 360 117 143 117 360
113 148 60 148 60 145 113 143
60 148 59 177 60 145 59 145
59 145 35 145 59 177 41 178
35 145 37 243 41 178 42 242
37 243 26 243 38 247 25 248
42 242 44 359 41 359 38 247 
222 116 222 360 217 116 217 360 
222 360 269 360 269 365 217 365
269 365 269 413 274 365 274 408
274 408 313 408 269 413 313 413
269 360 313 360 274 365 313 365 
176 360 164 360 164 365 176 365
217 360 176 360 183 365 217 365
183 365 192 456 176 365 184 448
162 452 184 448 192 456 158 458
158 458 149 365 162 452 154 365
149 365 125 365 154 360 125 360
154 365 164 365 154 360 159 360
159 360 159 341 164 360 164 341
125 365 113 381 108 379 119 365
119 365 113 365 125 360 117 360
113 360 75 360 113 365 75 365
75 360 44 359 64 365 41 365
41 365 18 365 18 360 41 359
75 365 84 469 71 470 64 365
